1.0 7.2 50672.0 559510.4
2.0 20.0 180288.0 559585.6
3.0 35.6 331840.0 559408.8
4.0 51.2 481808.0 559566.4
5.0 73.2 626560.0 559584.0
6.0 95.6 766096.0 559498.4
7.0 120.4 900416.0 559622.4
8.0 143.2 1029520.0 559498.4
9.0 172.8 1153408.0 559411.2
10.0 198.4 1272080.0 559560.8
11.0 225.2 1385536.0 559670.4
12.0 251.2 1493776.0 559644.8
13.0 280.8 1596800.0 559493.6
14.0 305.6 1694608.0 559624.8
15.0 332.4 1787200.0 559524.0
16.0 360.4 1874576.0 559676.8
17.0 382.8 1956736.0 559540.0
18.0 404.4 2033680.0 559417.6
19.0 426.4 2105408.0 559556.8
20.0 446.4 2171920.0 559558.4
21.0 464.8 2233216.0 559594.4
22.0 482.0 2289296.0 559484.0
23.0 497.6 2340160.0 559474.4
24.0 510.4 2385808.0 559540.0
25.0 517.2 2426240.0 559583.2
26.0 527.6 2461456.0 559410.4
27.0 534.8 2491456.0 559527.2
28.0 540.4 2516240.0 559499.2
29.0 543.6 2535808.0 559446.4
30.0 544.4 2550160.0 559613.6
31.0 544.0 2559296.0 559624.0
32.0 543.2 2564208.0 559616.8
