1 8 50672 559208
2 20 180288 559784
3 36 331840 559536
4 48 481808 559784
5 72 626560 559784
6 92 766096 559520
7 120 900416 560064
8 140 1029520 559784
9 172 1153408 559200
10 200 1272080 560064
11 224 1385536 559792
12 252 1493776 559792
13 276 1596800 559784
14 304 1694608 559536
15 332 1787200 559200
16 360 1874576 559520
17 388 1956736 559536
18 412 2033680 559208
19 424 2105408 559208
20 448 2171920 559784
21 472 2233216 559536
22 484 2289296 559200
23 496 2340160 559784
24 512 2385808 559536
25 520 2426240 559784
26 524 2461456 559200
27 540 2491456 559784
28 540 2516240 559784
29 540 2535808 559520
30 548 2550160 560064
31 548 2559296 559536
32 548 2564208 559784
