1 8 50672 559536
2 20 180288 559784
3 36 331840 559208
4 48 481808 559784
5 72 626560 559784
6 96 766096 559200
7 120 900416 559208
8 144 1029520 559520
9 176 1153408 559792
10 196 1272080 559200
11 224 1385536 560064
12 256 1493776 559776
13 280 1596800 559784
14 304 1694608 559520
15 332 1787200 559784
16 360 1874576 560064
17 384 1956736 559536
18 408 2033680 559792
19 428 2105408 559200
20 444 2171920 559784
21 456 2233216 560072
22 480 2289296 559200
23 496 2340160 559200
24 512 2385808 559792
25 520 2426240 559784
26 524 2461456 559200
27 536 2491456 559784
28 548 2516240 559792
29 544 2535808 559784
30 540 2550160 559784
31 548 2559296 559776
32 528 2564208 559784
