1 8 50672 559536
2 20 180288 559784
3 36 331840 559200
4 52 481808 559784
5 76 626560 559792
6 100 766096 559192
7 124 900416 559536
8 140 1029520 559784
9 172 1153408 559784
10 200 1272080 559536
11 228 1385536 559784
12 252 1493776 559768
13 280 1596800 559208
14 308 1694608 559528
15 336 1787200 559784
16 364 1874576 559792
17 380 1956736 559208
18 412 2033680 559536
19 420 2105408 559776
20 448 2171920 559528
21 460 2233216 559784
22 480 2289296 559536
23 496 2340160 559208
24 508 2385808 559200
25 512 2426240 559784
26 528 2461456 559528
27 528 2491456 559200
28 540 2516240 559784
29 544 2535808 559200
30 544 2550160 559200
31 540 2559296 559784
32 544 2564208 559528
