1 4 50672 559200
2 20 180288 559200
3 36 331840 559784
4 52 481808 559536
5 76 626560 559200
6 96 766096 559784
7 120 900416 559528
8 148 1029520 559200
9 172 1153408 559784
10 200 1272080 559784
11 224 1385536 559784
12 252 1493776 559536
13 280 1596800 559784
14 308 1694608 559200
15 332 1787200 559208
16 364 1874576 559528
17 384 1956736 559536
18 396 2033680 559200
19 428 2105408 559776
20 444 2171920 559784
21 468 2233216 559784
22 484 2289296 559208
23 496 2340160 559536
24 508 2385808 559520
25 520 2426240 559200
26 520 2461456 559208
27 528 2491456 559536
28 540 2516240 559200
29 544 2535808 559200
30 544 2550160 559784
31 536 2559296 560064
32 544 2564208 559784
