1 4 50672 559792
2 16 180288 559208
3 36 331840 559192
4 52 481808 559208
5 72 626560 559208
6 96 766096 559208
7 120 900416 559792
8 136 1029520 559784
9 172 1153408 559200
10 200 1272080 559520
11 220 1385536 559200
12 244 1493776 559520
13 284 1596800 559208
14 304 1694608 559792
15 336 1787200 559784
16 356 1874576 559784
17 384 1956736 559208
18 404 2033680 559528
19 416 2105408 559784
20 444 2171920 559776
21 468 2233216 559512
22 484 2289296 559784
23 492 2340160 559784
24 516 2385808 559528
25 516 2426240 559784
26 520 2461456 559208
27 536 2491456 559784
28 544 2516240 559200
29 540 2535808 559208
30 540 2550160 559784
31 548 2559296 559536
32 544 2564208 559208
