1 8 50672 559792
2 20 180288 559784
3 36 331840 559784
4 52 481808 559200
5 72 626560 559208
6 92 766096 559784
7 116 900416 559208
8 144 1029520 559520
9 172 1153408 559208
10 192 1272080 559784
11 228 1385536 559200
12 248 1493776 559784
13 284 1596800 559200
14 308 1694608 559536
15 332 1787200 559200
16 360 1874576 559208
17 388 1956736 559792
18 404 2033680 559200
19 432 2105408 559784
20 448 2171920 559200
21 468 2233216 559520
22 484 2289296 559528
23 504 2340160 559784
24 504 2385808 559784
25 512 2426240 559784
26 532 2461456 559784
27 536 2491456 559208
28 544 2516240 559192
29 548 2535808 559784
30 548 2550160 559200
31 540 2559296 559512
32 552 2564208 559200
