1 8 50672 559528
2 24 180288 559792
3 36 331840 559200
4 52 481808 559528
5 72 626560 559776
6 96 766096 559784
7 120 900416 559528
8 144 1029520 559784
9 176 1153408 559536
10 200 1272080 559200
11 228 1385536 559528
12 244 1493776 559776
13 276 1596800 559784
14 304 1694608 559776
15 328 1787200 559784
16 360 1874576 559528
17 376 1956736 559536
18 400 2033680 559528
19 424 2105408 559776
20 448 2171920 559528
21 460 2233216 559536
22 480 2289296 559784
23 500 2340160 559520
24 512 2385808 559520
25 520 2426240 559784
26 532 2461456 559784
27 532 2491456 559208
28 544 2516240 559200
29 548 2535808 559200
30 544 2550160 559200
31 544 2559296 559520
32 548 2564208 559784
