1 8 50672 559208
2 20 180288 559536
3 28 331840 559208
4 52 481808 559520
5 72 626560 559520
6 100 766096 559784
7 120 900416 559792
8 148 1029520 559208
9 172 1153408 559200
10 200 1272080 559784
11 228 1385536 559784
12 256 1493776 559192
13 284 1596800 559200
14 304 1694608 559792
15 332 1787200 559520
16 360 1874576 559784
17 384 1956736 559784
18 408 2033680 559200
19 428 2105408 559208
20 448 2171920 559200
21 468 2233216 559208
22 484 2289296 559536
23 496 2340160 559200
24 512 2385808 559536
25 520 2426240 559200
26 528 2461456 559784
27 540 2491456 559784
28 540 2516240 559520
29 532 2535808 559528
30 548 2550160 559536
31 544 2559296 559784
32 536 2564208 559784
