1 8 50672 559776
2 20 180288 559200
3 40 331840 559200
4 52 481808 559536
5 72 626560 559784
6 96 766096 559200
7 120 900416 559792
8 144 1029520 559200
9 172 1153408 559200
10 200 1272080 559208
11 228 1385536 559784
12 252 1493776 559776
13 284 1596800 559784
14 304 1694608 559784
15 328 1787200 559768
16 360 1874576 559776
17 376 1956736 560064
18 400 2033680 559784
19 432 2105408 559528
20 440 2171920 559208
21 464 2233216 559208
22 480 2289296 559536
23 500 2340160 559208
24 512 2385808 559200
25 512 2426240 559520
26 536 2461456 559200
27 536 2491456 559200
28 540 2516240 559536
29 548 2535808 559520
30 548 2550160 559792
31 544 2559296 559200
32 540 2564208 559528
