1 8 50672 559528
2 20 180288 559784
3 36 331840 559776
4 52 481808 559784
5 76 626560 559784
6 92 766096 559528
7 124 900416 559776
8 144 1029520 559200
9 172 1153408 559208
10 196 1272080 559528
11 220 1385536 559784
12 256 1493776 559528
13 280 1596800 559200
14 308 1694608 559784
15 336 1787200 559208
16 360 1874576 559784
17 384 1956736 559200
18 400 2033680 559200
19 432 2105408 559528
20 452 2171920 559792
21 464 2233216 559784
22 480 2289296 559528
23 500 2340160 559520
24 508 2385808 559784
25 520 2426240 559208
26 532 2461456 559208
27 536 2491456 559784
28 524 2516240 559784
29 548 2535808 559520
30 540 2550160 559792
31 548 2559296 559528
32 548 2564208 559784
