1 0 15128 486464 501592
2 4 23328 488160 511488
3 0 28560 490176 518736
4 0 33792 491440 525232
5 4 39024 492672 531696
6 4 44256 494880 539136
7 4 49488 496336 545824
8 4 54720 498344 553064
9 4 59952 499920 559872
10 4 65184 501808 566992
11 8 70416 504296 574712
12 8 75648 506024 581672
13 8 80880 508104 588984
14 8 86112 509664 595776
15 12 91344 511880 603224
16 8 96576 514480 611056
17 12 101808 516816 618624
18 12 107040 519464 626504
19 16 112272 521664 633936
20 12 117504 524456 641960
21 16 122736 527048 649784
22 16 127968 529120 657088
23 16 133200 532424 665624
24 20 138432 535208 673640
25 20 143664 537472 681136
26 20 148896 540384 689280
27 24 154128 543352 697480
28 28 159360 546984 706344
29 20 164592 549512 714104
30 28 169824 553256 723080
31 24 175056 556488 731544
32 28 180288 559784 740072
33 32 185520 562888 748408
34 36 190752 565992 756744
35 32 195984 570064 766048
36 32 201216 573360 774576
37 36 206448 576960 783408
38 40 211680 580904 792584
39 40 216912 584056 800968
40 44 222144 588448 810592
41 44 227376 592080 819456
42 44 232608 595688 828296
43 48 237840 600264 838104
44 48 243072 604072 847144
45 52 248304 607872 856176
46 56 253536 612064 865600
47 56 258768 616904 875672
48 60 264000 620976 884976
49 64 269232 625608 894840
50 68 274464 629480 903944
51 64 279696 634568 914264
52 68 284928 638568 923496
53 72 290160 643200 933360
54 72 295392 648496 943888
55 68 300624 653008 953632
56 80 305856 657504 963360
57 80 311088 662736 973824
58 84 316320 667944 984264
59 88 321552 672392 993944
60 88 326784 678056 1004840
61 92 332016 683208 1015224
62 100 337248 688424 1025672
63 96 342480 693456 1035936
64 108 347712 698464 1046176
65 108 352944 704208 1057152
66 108 358176 709344 1067520
67 108 363408 715464 1078872
68 120 368640 720808 1089448
69 120 373872 726728 1100600
70 120 379104 732456 1111560
71 128 384336 737664 1122000
72 136 389568 743840 1133408
73 136 394800 749776 1144576
74 140 400032 756008 1156040
75 140 405264 762056 1167320
76 148 410496 767592 1178088
77 156 415728 774344 1190072
78 156 420960 780000 1200960
79 164 426192 786624 1212816
80 164 431424 793008 1224432
81 172 436656 799104 1235760
82 176 441888 805936 1247824
83 184 447120 812496 1259616
84 188 452352 818792 1271144
85 188 457584 825472 1283056
86 192 462816 832808 1295624
87 196 468048 839904 1307952
88 204 473280 846256 1319536
89 200 478512 853448 1331960
90 216 483744 860208 1343952
91 224 488976 867808 1356784
92 232 494208 874664 1368872
93 232 499440 881856 1381296
94 236 504672 888544 1393216
95 244 509904 896192 1406096
96 248 515136 903584 1418720
97 252 520368 910720 1431088
98 260 525600 918816 1444416
99 272 530832 926152 1456984
100 268 536064 933472 1469536
