1 0 15128 486472 501600
2 0 23328 488160 511488
3 0 28560 489928 518488
4 4 33792 491424 525216
5 4 39024 493008 532032
6 0 44256 494880 539136
7 4 49488 496008 545496
8 4 54720 498344 553064
9 4 59952 499920 559872
10 4 65184 501808 566992
11 4 70416 504008 574424
12 8 75648 506024 581672
13 8 80880 507512 588392
14 12 86112 510000 596112
15 8 91344 512208 603552
16 8 96576 514728 611304
17 12 101808 516816 618624
18 16 107040 519464 626504
19 12 112272 521344 633616
20 16 117504 524200 641704
21 16 122736 527040 649776
22 16 127968 529704 657672
23 16 133200 531848 665048
24 16 138432 535216 673648
25 20 143664 537792 681456
26 20 148896 540720 689616
27 24 154128 543368 697496
28 24 159360 546400 705760
29 24 164592 549824 714416
30 28 169824 553256 723080
31 24 175056 555896 730952
32 28 180288 559536 739824
33 28 185520 562552 748072
34 32 190752 565984 756736
35 32 195984 570056 766040
36 36 201216 573360 774576
37 36 206448 577216 783664
38 40 211680 581184 792864
39 40 216912 584648 801560
40 40 222144 588456 810600
41 40 227376 592328 819704
42 48 232608 596264 828872
43 44 237840 600544 838384
44 52 243072 604072 847144
45 52 248304 608456 856760
46 52 253536 612400 865936
47 56 258768 616904 875672
48 60 264000 620648 884648
49 60 269232 625024 894256
50 64 274464 630056 904520
51 68 279696 634320 914016
52 64 284928 638896 923824
53 68 290160 643784 933944
54 76 295392 647912 943304
55 72 300624 652664 953288
56 76 305856 658088 963944
57 80 311088 662984 974072
58 80 316320 667352 983672
59 88 321552 672720 994272
60 92 326784 677472 1004256
61 96 332016 683208 1015224
62 92 337248 688168 1025416
63 100 342480 693704 1036184
64 104 347712 699048 1046760
65 108 352944 704456 1057400
66 112 358176 709344 1067520
67 116 363408 715216 1078624
68 120 368640 721064 1089704
69 116 373872 726728 1100600
70 120 379104 732200 1111304
71 128 384336 738248 1122584
72 132 389568 743848 1133416
73 140 394800 750024 1144824
74 140 400032 756288 1156320
75 144 405264 762056 1167320
76 148 410496 768160 1178656
77 152 415728 774344 1190072
78 152 420960 780584 1201544
79 160 426192 787168 1213360
80 164 431424 793256 1224680
81 160 436656 799104 1235760
82 176 441888 806184 1248072
83 180 447120 812160 1259280
84 180 452352 818784 1271136
85 188 457584 825808 1283392
86 188 462816 832224 1295040
87 204 468048 839624 1307672
88 208 473280 846256 1319536
89 208 478512 853448 1331960
90 212 483744 860456 1344200
91 224 488976 867280 1356256
92 224 494208 874656 1368864
93 228 499440 881864 1381304
94 236 504672 888864 1393536
95 244 509904 896456 1406360
96 248 515136 903584 1418720
97 256 520368 910720 1431088
98 264 525600 918824 1444424
99 260 530832 926408 1457240
100 276 536064 933792 1469856
