1 0 15128 486472 501600
2 0 23328 488480 511808
3 4 28560 489600 518160
4 0 33792 491440 525232
5 4 39024 492992 532016
6 4 44256 494888 539144
7 4 49488 496336 545824
8 8 54720 498344 553064
9 4 59952 499584 559536
10 4 65184 502056 567240
11 8 70416 504008 574424
12 8 75648 505776 581424
13 8 80880 507848 588728
14 8 86112 510248 596360
15 12 91344 512208 603552
16 8 96576 514152 610728
17 12 101808 517064 618872
18 12 107040 519472 626512
19 12 112272 521928 634200
20 12 117504 524208 641712
21 16 122736 526472 649208
22 16 127968 529120 657088
23 16 133200 531832 665032
24 20 138432 535208 673640
25 20 143664 537464 681128
26 20 148896 540968 689864
27 24 154128 543696 697824
28 20 159360 546408 705768
29 24 164592 550080 714672
30 24 169824 553008 722832
31 28 175056 556240 731296
32 32 180288 559536 739824
33 32 185520 563136 748656
34 32 190752 565976 756728
35 36 195984 570056 766040
36 32 201216 573608 774824
37 40 206448 577216 783664
38 40 211680 580648 792328
39 40 216912 584648 801560
40 40 222144 588456 810600
41 48 227376 591744 819120
42 48 232608 595680 828288
43 48 237840 600256 838096
44 52 243072 604064 847136
45 56 248304 608448 856752
46 52 253536 612392 865928
47 60 258768 616656 875424
48 56 264000 620968 884968
49 64 269232 625024 894256
50 64 274464 629792 904256
51 68 279696 634560 914256
52 68 284928 638568 923496
53 72 290160 643776 933936
54 76 295392 648488 943880
55 76 300624 653008 953632
56 80 305856 657504 963360
57 84 311088 662408 973496
58 80 316320 667360 983680
59 88 321552 672712 994264
60 88 326784 677464 1004248
61 96 332016 682624 1014640
62 100 337248 687848 1025096
63 100 342480 693696 1036176
64 100 347712 698456 1046168
65 104 352944 703864 1056808
66 112 358176 709344 1067520
67 108 363408 714888 1078296
68 116 368640 720808 1089448
69 124 373872 726720 1100592
70 120 379104 732192 1111296
71 132 384336 738248 1122584
72 132 389568 744104 1133672
73 136 394800 750024 1144824
74 144 400032 756000 1156032
75 144 405264 762056 1167320
76 144 410496 768160 1178656
77 156 415728 774080 1189808
78 160 420960 780320 1201280
79 164 426192 786640 1212832
80 164 431424 793008 1224432
81 168 436656 799680 1236336
82 176 441888 806184 1248072
83 176 447120 812744 1259864
84 180 452352 818784 1271136
85 192 457584 825472 1283056
86 192 462816 832224 1295040
87 196 468048 839624 1307672
88 204 473280 846504 1319784
89 212 478512 853184 1331696
90 216 483744 860192 1343936
91 224 488976 866944 1355920
92 228 494208 874408 1368616
93 232 499440 881616 1381056
94 240 504672 888872 1393544
95 244 509904 896448 1406352
96 252 515136 903840 1418976
97 252 520368 911056 1431424
98 256 525600 918240 1443840
99 268 530832 926160 1456992
100 276 536064 934056 1470120
