1 0 15128 487056 502184
2 4 23328 488496 511824
3 4 28560 489600 518160
4 0 33792 491432 525224
5 0 39024 493256 532280
6 4 44256 494304 538560
7 0 49488 496000 545488
8 4 54720 498344 553064
9 4 59952 499896 559848
10 8 65184 502056 567240
11 4 70416 503432 573848
12 8 75648 505768 581416
13 8 80880 508104 588984
14 8 86112 510248 596360
15 8 91344 512192 603536
16 8 96576 514456 611032
17 12 101808 516480 618288
18 12 107040 519208 626248
19 16 112272 521344 633616
20 16 117504 523872 641376
21 16 122736 527048 649784
22 16 127968 529128 657096
23 16 133200 531840 665040
24 20 138432 534944 673376
25 20 143664 538056 681720
26 24 148896 540704 689600
27 24 154128 543368 697496
28 24 159360 546992 706352
29 24 164592 550376 714968
30 28 169824 553008 722832
31 28 175056 556488 731544
32 28 180288 559200 739488
33 28 185520 563144 748664
34 32 190752 565976 756728
35 32 195984 570056 766040
36 36 201216 573600 774816
37 32 206448 576640 783088
38 40 211680 581184 792864
39 40 216912 584064 800976
40 44 222144 588208 810352
41 44 227376 592328 819704
42 40 232608 595688 828296
43 48 237840 600000 837840
44 52 243072 604328 847400
45 56 248304 607872 856176
46 56 253536 612640 866176
47 52 258768 616328 875096
48 60 264000 620648 884648
49 64 269232 625360 894592
50 64 274464 629792 904256
51 68 279696 634304 914000
52 68 284928 639144 924072
53 72 290160 643536 933696
54 68 295392 648488 943880
55 76 300624 652992 953616
56 76 305856 657504 963360
57 76 311088 662736 973824
58 88 316320 667944 984264
59 88 321552 672384 993936
60 88 326784 677472 1004256
61 96 332016 682960 1014976
62 92 337248 688704 1025952
63 100 342480 693128 1035608
64 100 347712 698464 1046176
65 108 352944 704208 1057152
66 112 358176 709928 1068104
67 116 363408 715464 1078872
68 120 368640 720480 1089120
69 116 373872 726480 1100352
70 124 379104 731872 1110976
71 128 384336 737984 1122320
72 136 389568 743520 1133088
73 140 394800 749760 1144560
74 140 400032 755744 1155776
75 140 405264 761472 1166736
76 152 410496 768168 1178664
77 148 415728 774096 1189824
78 156 420960 780008 1200968
79 156 426192 786888 1213080
80 164 431424 792992 1224416
81 164 436656 799424 1236080
82 176 441888 805600 1247488
83 180 447120 812736 1259856
84 180 452352 819360 1271712
85 188 457584 826056 1283640
86 192 462816 832560 1295376
87 200 468048 839376 1307424
88 200 473280 845928 1319208
89 212 478512 853448 1331960
90 212 483744 860456 1344200
91 220 488976 867528 1356504
92 232 494208 874656 1368864
93 236 499440 881616 1381056
94 232 504672 888544 1393216
95 248 509904 896456 1406360
96 252 515136 903584 1418720
97 260 520368 911048 1431416
98 256 525600 918248 1443848
99 272 530832 926408 1457240
100 280 536064 934056 1470120
