1 0 15128 486808 501936
2 0 23328 488736 512064
3 0 28560 489592 518152
4 0 33792 491440 525232
5 0 39024 493008 532032
6 0 44256 494296 538552
7 4 49488 496576 546064
8 8 54720 498336 553056
9 4 59952 499904 559856
10 8 65184 501472 566656
11 8 70416 504008 574424
12 8 75648 505440 581088
13 8 80880 508104 588984
14 8 86112 510248 596360
15 12 91344 512208 603552
16 12 96576 514472 611048
17 12 101808 516808 618616
18 12 107040 519464 626504
19 12 112272 521928 634200
20 16 117504 524456 641960
21 16 122736 526472 649208
22 20 127968 529120 657088
23 20 133200 532160 665360
24 16 138432 534960 673392
25 20 143664 538048 681712
26 20 148896 540968 689864
27 20 154128 543944 698072
28 24 159360 547264 706624
29 28 164592 550096 714688
30 28 169824 553008 722832
31 24 175056 556488 731544
32 28 180288 559784 740072
33 28 185520 562568 748088
34 32 190752 566304 757056
35 36 195984 570056 766040
36 36 201216 573608 774824
37 40 206448 576968 783416
38 36 211680 580912 792592
39 40 216912 584384 801296
40 40 222144 587872 810016
41 40 227376 592320 819696
42 48 232608 595680 828288
43 52 237840 599688 837528
44 48 243072 604320 847392
45 52 248304 608200 856504
46 56 253536 612384 865920
47 56 258768 616904 875672
48 60 264000 620640 884640
49 60 269232 625608 894840
50 56 274464 629472 903936
51 64 279696 633992 913688
52 68 284928 638560 923488
53 72 290160 643536 933696
54 72 295392 648488 943880
55 80 300624 653008 953632
56 76 305856 657504 963360
57 80 311088 662400 973488
58 84 316320 667360 983680
59 84 321552 672968 994520
60 88 326784 677480 1004264
61 92 332016 683208 1015224
62 96 337248 688176 1025424
63 104 342480 693456 1035936
64 104 347712 699048 1046760
65 108 352944 704456 1057400
66 108 358176 709352 1067528
67 112 363408 715456 1078864
68 116 368640 721064 1089704
69 120 373872 727016 1100888
70 120 379104 732200 1111304
71 128 384336 737672 1122008
72 136 389568 744392 1133960
73 128 394800 749776 1144576
74 140 400032 755752 1155784
75 148 405264 761792 1167056
76 144 410496 767584 1178080
77 152 415728 773760 1189488
78 156 420960 780000 1200960
79 164 426192 786624 1212816
80 160 431424 792664 1224088
81 168 436656 799440 1236096
82 172 441888 806184 1248072
83 176 447120 812488 1259608
84 184 452352 818792 1271144
85 192 457584 826344 1283928
86 188 462816 832560 1295376
87 200 468048 839048 1307096
88 204 473280 846504 1319784
89 212 478512 852856 1331368
90 208 483744 859880 1343624
91 224 488976 867264 1356240
92 224 494208 874664 1368872
93 228 499440 881280 1380720
94 240 504672 889416 1394088
95 248 509904 896448 1406352
96 248 515136 903584 1418720
97 256 520368 911048 1431416
98 268 525600 918824 1444424
99 264 530832 926144 1456976
100 276 536064 934056 1470120
