1 0 15128 487056 502184
2 0 23328 488488 511816
3 0 28560 489928 518488
4 0 33792 491688 525480
5 0 39024 492672 531696
6 4 44256 494624 538880
7 4 49488 496336 545824
8 4 54720 498088 552808
9 8 59952 500168 560120
10 0 65184 501792 566976
11 8 70416 503424 573840
12 8 75648 505776 581424
13 8 80880 507848 588728
14 12 86112 509992 596104
15 12 91344 512456 603800
16 12 96576 514128 610704
17 16 101808 517064 618872
18 12 107040 518888 625928
19 16 112272 521928 634200
20 16 117504 524464 641968
21 16 122736 526464 649200
22 16 127968 529704 657672
23 16 133200 531848 665048
24 20 138432 534960 673392
25 20 143664 537808 681472
26 20 148896 540960 689856
27 20 154128 543360 697488
28 24 159360 546392 705752
29 24 164592 549504 714096
30 28 169824 553248 723072
31 28 175056 556488 731544
32 28 180288 559528 739816
33 32 185520 562880 748400
34 28 190752 565984 756736
35 36 195984 569792 765776
36 32 201216 573024 774240
37 32 206448 576960 783408
38 40 211680 580656 792336
39 32 216912 584640 801552
40 44 222144 588456 810600
41 44 227376 592328 819704
42 44 232608 596264 828872
43 48 237840 600256 838096
44 48 243072 604328 847400
45 52 248304 607872 856176
46 56 253536 612064 865600
47 56 258768 616640 875408
48 56 264000 621504 885504
49 64 269232 625360 894592
50 64 274464 629472 903936
51 68 279696 634320 914016
52 68 284928 638888 923816
53 72 290160 643784 933944
54 76 295392 648224 943616
55 76 300624 652992 953616
56 80 305856 657496 963352
57 84 311088 662408 973496
58 88 316320 667680 984000
59 88 321552 672968 994520
60 88 326784 677464 1004248
61 92 332016 682952 1014968
62 96 337248 687832 1025080
63 104 342480 693984 1036464
64 104 347712 699048 1046760
65 108 352944 704192 1057136
66 108 358176 709928 1068104
67 112 363408 715464 1078872
68 116 368640 720808 1089448
69 120 373872 726728 1100600
70 128 379104 732192 1111296
71 124 384336 738248 1122584
72 132 389568 744104 1133672
73 140 394800 750016 1144816
74 136 400032 755424 1155456
75 148 405264 762056 1167320
76 148 410496 768168 1178664
77 152 415728 774344 1190072
78 160 420960 780000 1200960
79 164 426192 786880 1213072
80 168 431424 793264 1224688
81 168 436656 799680 1236336
82 176 441888 806184 1248072
83 176 447120 812160 1259280
84 188 452352 818784 1271136
85 192 457584 825472 1283056
86 188 462816 832808 1295624
87 200 468048 839624 1307672
88 204 473280 846496 1319776
89 204 478512 853448 1331960
90 212 483744 860456 1344200
91 220 488976 866944 1355920
92 224 494208 874088 1368296
93 228 499440 881608 1381048
94 232 504672 889128 1393800
95 240 509904 895880 1405784
96 252 515136 903848 1418984
97 256 520368 911040 1431408
98 256 525600 918824 1444424
99 268 530832 926144 1456976
100 276 536064 933472 1469536
