1 0 15128 486808 501936
2 4 23328 488744 512072
3 0 28560 489600 518160
4 0 33792 491096 524888
5 0 39024 493256 532280
6 4 44256 494616 538872
7 4 49488 496000 545488
8 4 54720 498080 552800
9 4 59952 499592 559544
10 8 65184 502056 567240
11 8 70416 503760 574176
12 4 75648 505776 581424
13 8 80880 508104 588984
14 8 86112 509664 595776
15 12 91344 512736 604080
16 8 96576 514472 611048
17 12 101808 516488 618296
18 12 107040 518872 625912
19 16 112272 521344 633616
20 12 117504 523880 641384
21 12 122736 526792 649528
22 12 127968 529448 657416
23 16 133200 532168 665368
24 16 138432 534944 673376
25 20 143664 537808 681472
26 20 148896 540384 689280
27 24 154128 543360 697488
28 28 159360 546728 706088
29 28 164592 549816 714408
30 28 169824 553256 723080
31 32 175056 556240 731296
32 28 180288 559208 739496
33 28 185520 562560 748080
34 36 190752 565984 756736
35 28 195984 570048 766032
36 36 201216 573032 774248
37 36 206448 576640 783088
38 36 211680 580904 792584
39 40 216912 584640 801552
40 40 222144 588448 810592
41 44 227376 592080 819456
42 48 232608 596256 828864
43 48 237840 600008 837848
44 52 243072 603744 846816
45 56 248304 608200 856504
46 52 253536 612384 865920
47 60 258768 616656 875424
48 60 264000 620968 884968
49 60 269232 625608 894840
50 64 274464 629808 904272
51 68 279696 633984 913680
52 68 284928 638560 923488
53 72 290160 643784 933944
54 72 295392 647904 943296
55 76 300624 653248 953872
56 80 305856 658088 963944
57 80 311088 662392 973480
58 80 316320 667936 984256
59 88 321552 672384 993936
60 92 326784 678048 1004832
61 92 332016 682624 1014640
62 92 337248 688424 1025672
63 100 342480 693120 1035600
64 100 347712 698800 1046512
65 104 352944 703872 1056816
66 112 358176 709680 1067856
67 116 363408 715456 1078864
68 116 368640 721064 1089704
69 120 373872 726152 1100024
70 128 379104 732192 1111296
71 124 384336 737664 1122000
72 136 389568 743840 1133408
73 140 394800 749432 1144232
74 140 400032 755752 1155784
75 144 405264 762048 1167312
76 148 410496 767584 1178080
77 148 415728 774096 1189824
78 160 420960 780000 1200960
79 164 426192 786304 1212496
80 160 431424 793256 1224680
81 172 436656 799432 1236088
82 176 441888 806192 1248080
83 180 447120 812496 1259616
84 188 452352 819112 1271464
85 188 457584 825792 1283376
86 196 462816 832808 1295624
87 200 468048 839624 1307672
88 208 473280 846504 1319784
89 212 478512 853728 1332240
90 216 483744 859864 1343608
91 220 488976 867528 1356504
92 220 494208 874080 1368288
93 228 499440 881600 1381040
94 244 504672 888544 1393216
95 248 509904 896456 1406360
96 252 515136 903264 1418400
97 256 520368 910720 1431088
98 256 525600 918248 1443848
99 264 530832 925832 1456664
100 276 536064 933808 1469872
