1 4 15128 487048 502176
2 0 23328 488168 511496
3 0 28560 489928 518488
4 4 33792 491688 525480
5 4 39024 492672 531696
6 0 44256 494888 539144
7 4 49488 496328 545816
8 4 54720 498096 552816
9 4 59952 499584 559536
10 8 65184 502336 567520
11 4 70416 504008 574424
12 8 75648 505776 581424
13 8 80880 507856 588736
14 8 86112 510248 596360
15 8 91344 512448 603792
16 12 96576 514152 610728
17 12 101808 516488 618296
18 12 107040 519216 626256
19 12 112272 521680 633952
20 12 117504 523864 641368
21 16 122736 527048 649784
22 20 127968 529112 657080
23 16 133200 532424 665624
24 20 138432 534952 673384
25 20 143664 538056 681720
26 20 148896 540376 689272
27 24 154128 543688 697816
28 24 159360 546720 706080
29 24 164592 549504 714096
30 28 169824 553264 723088
31 28 175056 556240 731296
32 28 180288 559536 739824
33 32 185520 562560 748080
34 28 190752 566312 757064
35 32 195984 570056 766040
36 36 201216 573608 774824
37 40 206448 576976 783424
38 40 211680 580640 792320
39 40 216912 584400 801312
40 44 222144 588464 810608
41 44 227376 592328 819704
42 44 232608 595688 828296
43 52 237840 600264 838104
44 48 243072 603744 846816
45 52 248304 607872 856176
46 56 253536 612400 865936
47 56 258768 616320 875088
48 56 264000 620976 884976
49 64 269232 625024 894256
50 64 274464 629472 903936
51 68 279696 634848 914544
52 60 284928 638560 923488
53 68 290160 643784 933944
54 76 295392 648496 943888
55 80 300624 653008 953632
56 80 305856 658088 963944
57 80 311088 662984 974072
58 88 316320 667360 983680
59 92 321552 672712 994264
60 92 326784 678064 1004848
61 92 332016 682960 1014976
62 100 337248 687840 1025088
63 100 342480 693704 1036184
64 104 347712 698464 1046176
65 108 352944 704208 1057152
66 108 358176 709344 1067520
67 108 363408 714888 1078296
68 120 368640 720480 1089120
69 116 373872 726464 1100336
70 124 379104 732736 1111840
71 132 384336 737664 1122000
72 136 389568 743520 1133088
73 132 394800 749760 1144560
74 140 400032 755416 1155448
75 140 405264 761800 1167064
76 148 410496 768168 1178664
77 152 415728 774624 1190352
78 156 420960 780584 1201544
79 164 426192 786312 1212504
80 168 431424 793256 1224680
81 172 436656 799688 1236344
82 180 441888 805600 1247488
83 172 447120 812480 1259600
84 184 452352 819368 1271720
85 192 457584 826056 1283640
86 200 462816 832224 1295040
87 196 468048 839040 1307088
88 208 473280 846504 1319784
89 212 478512 852864 1331376
90 212 483744 860456 1344200
91 220 488976 867520 1356496
92 232 494208 874944 1369152
93 228 499440 881600 1381040
94 240 504672 888864 1393536
95 244 509904 895872 1405776
96 248 515136 903848 1418984
97 248 520368 910720 1431088
98 264 525600 918568 1444168
99 268 530832 925832 1456664
100 276 536064 933472 1469536
