1 0 15128 487056 502184
2 0 23328 488744 512072
3 4 28560 489600 518160
4 0 33792 491440 525232
5 0 39024 492680 531704
6 4 44256 494624 538880
7 4 49488 496008 545496
8 4 54720 497768 552488
9 4 59952 499576 559528
10 4 65184 502056 567240
11 8 70416 503424 573840
12 8 75648 506032 581680
13 8 80880 507512 588392
14 8 86112 509664 595776
15 12 91344 512456 603800
16 12 96576 514480 611056
17 12 101808 516816 618624
18 16 107040 518880 625920
19 12 112272 521680 633952
20 16 117504 524208 641712
21 16 122736 526464 649200
22 20 127968 529456 657424
23 16 133200 532424 665624
24 20 138432 534624 673056
25 16 143664 537792 681456
26 20 148896 540968 689864
27 24 154128 543680 697808
28 24 159360 546408 705768
29 24 164592 550088 714680
30 28 169824 553008 722832
31 28 175056 556224 731280
32 24 180288 559528 739816
33 32 185520 563144 748664
34 32 190752 565984 756736
35 32 195984 570056 766040
36 36 201216 573344 774560
37 40 206448 577224 783672
38 36 211680 580912 792592
39 40 216912 584640 801552
40 44 222144 588208 810352
41 44 227376 592320 819696
42 48 232608 596016 828624
43 52 237840 600264 838104
44 52 243072 604072 847144
45 52 248304 607864 856168
46 52 253536 612640 866176
47 56 258768 616896 875664
48 56 264000 621224 885224
49 60 269232 625352 894584
50 64 274464 630056 904520
51 64 279696 634568 914264
52 72 284928 638896 923824
53 72 290160 643784 933944
54 68 295392 648488 943880
55 76 300624 653256 953880
56 80 305856 658368 964224
57 80 311088 662984 974072
58 88 316320 667944 984264
59 88 321552 672704 994256
60 88 326784 678056 1004840
61 92 332016 683208 1015224
62 96 337248 688416 1025664
63 100 342480 693120 1035600
64 104 347712 698472 1046184
65 104 352944 704448 1057392
66 108 358176 709672 1067848
67 112 363408 714880 1078288
68 120 368640 721064 1089704
69 112 373872 726144 1100016
70 124 379104 732456 1111560
71 128 384336 737992 1122328
72 132 389568 743848 1133416
73 136 394800 749760 1144560
74 144 400032 755760 1155792
75 148 405264 762056 1167320
76 148 410496 768168 1178664
77 152 415728 773768 1189496
78 156 420960 780008 1200968
79 164 426192 786888 1213080
80 160 431424 793248 1224672
81 168 436656 799096 1235752
82 168 441888 805928 1247816
83 176 447120 812168 1259288
84 188 452352 819112 1271464
85 192 457584 825808 1283392
86 200 462816 832544 1295360
87 196 468048 839368 1307416
88 208 473280 845920 1319200
89 204 478512 853728 1332240
90 216 483744 859880 1343624
91 224 488976 867280 1356256
92 228 494208 874088 1368296
93 236 499440 881864 1381304
94 244 504672 889120 1393792
95 240 509904 896208 1406112
96 252 515136 903272 1418408
97 260 520368 911040 1431408
98 264 525600 918560 1444160
99 264 530832 926160 1456992
100 272 536064 933472 1469536
