1 0 15128 486792 501920
2 4 23328 488744 512072
3 4 28560 489600 518160
4 0 33792 491968 525760
5 0 39024 493256 532280
6 4 44256 494888 539144
7 4 49488 496000 545488
8 4 54720 498336 553056
9 4 59952 500168 560120
10 4 65184 502048 567232
11 8 70416 504008 574424
12 8 75648 505760 581408
13 8 80880 508112 588992
14 8 86112 510240 596352
15 12 91344 512208 603552
16 12 96576 514728 611304
17 12 101808 516800 618608
18 12 107040 518888 625928
19 12 112272 521672 633944
20 16 117504 523864 641368
21 12 122736 527328 650064
22 16 127968 529704 657672
23 20 133200 532424 665624
24 20 138432 535208 673640
25 20 143664 537808 681472
26 24 148896 540968 689864
27 20 154128 543352 697480
28 24 159360 546984 706344
29 28 164592 549840 714432
30 24 169824 553248 723072
31 28 175056 556480 731536
32 28 180288 559200 739488
33 32 185520 562896 748416
34 28 190752 566568 757320
35 32 195984 569464 765448
36 36 201216 573608 774824
37 40 206448 576648 783096
38 40 211680 580896 792576
39 44 216912 584384 801296
40 44 222144 588456 810600
41 44 227376 591752 819128
42 48 232608 596016 828624
43 48 237840 600264 838104
44 48 243072 604320 847392
45 56 248304 608448 856752
46 56 253536 612648 866184
47 56 258768 616320 875088
48 56 264000 620976 884976
49 64 269232 625360 894592
50 64 274464 629792 904256
51 68 279696 634304 914000
52 64 284928 639136 924064
53 68 290160 643520 933680
54 76 295392 648240 943632
55 72 300624 653256 953880
56 80 305856 658088 963944
57 84 311088 662736 973824
58 80 316320 667360 983680
59 80 321552 672384 993936
60 84 326784 678056 1004840
61 88 332016 682952 1014968
62 100 337248 688424 1025672
63 100 342480 693704 1036184
64 100 347712 698456 1046168
65 112 352944 704200 1057144
66 112 358176 709680 1067856
67 112 363408 715216 1078624
68 116 368640 721064 1089704
69 120 373872 726464 1100336
70 128 379104 731872 1110976
71 128 384336 738000 1122336
72 128 389568 744096 1133664
73 136 394800 750016 1144816
74 136 400032 756296 1156328
75 144 405264 761808 1167072
76 152 410496 768168 1178664
77 156 415728 774088 1189816
78 152 420960 780336 1201296
79 164 426192 786304 1212496
80 164 431424 793256 1224680
81 172 436656 799104 1235760
82 176 441888 805936 1247824
83 180 447120 812496 1259616
84 188 452352 819368 1271720
85 188 457584 825464 1283048
86 196 462816 832224 1295040
87 192 468048 839624 1307672
88 208 473280 846256 1319536
89 216 478512 853184 1331696
90 220 483744 859880 1343624
91 228 488976 867528 1356504
92 224 494208 874664 1368872
93 236 499440 881280 1380720
94 236 504672 889136 1393808
95 236 509904 895872 1405776
96 248 515136 903264 1418400
97 260 520368 911304 1431672
98 264 525600 918816 1444416
99 268 530832 926696 1457528
100 280 536064 934056 1470120
