1 4 15128 487056 502184
2 0 23328 488168 511496
3 0 28560 490184 518744
4 0 33792 491696 525488
5 4 39024 493000 532024
6 4 44256 494304 538560
7 4 49488 496336 545824
8 8 54720 498344 553064
9 4 59952 499576 559528
10 4 65184 501480 566664
11 8 70416 503424 573840
12 4 75648 505448 581096
13 12 80880 507520 588400
14 12 86112 510248 596360
15 8 91344 512456 603800
16 12 96576 514480 611056
17 12 101808 516480 618288
18 12 107040 519464 626504
19 12 112272 521680 633952
20 12 117504 523872 641376
21 12 122736 527056 649792
22 12 127968 529704 657672
23 20 133200 531840 665040
24 20 138432 534944 673376
25 16 143664 537464 681128
26 20 148896 540384 689280
27 24 154128 543944 698072
28 20 159360 546984 706344
29 20 164592 549840 714432
30 24 169824 552672 722496
31 28 175056 556224 731280
32 28 180288 559792 740080
33 28 185520 563144 748664
34 32 190752 566568 757320
35 36 195984 570056 766040
36 32 201216 573032 774248
37 40 206448 576968 783416
38 36 211680 580904 792584
39 40 216912 584648 801560
40 40 222144 588192 810336
41 44 227376 592080 819456
42 44 232608 595680 828288
43 48 237840 599680 837520
44 48 243072 604064 847136
45 52 248304 608456 856760
46 56 253536 612400 865936
47 60 258768 616904 875672
48 56 264000 620976 884976
49 60 269232 625360 894592
50 64 274464 630056 904520
51 68 279696 633984 913680
52 68 284928 638896 923824
53 72 290160 643536 933696
54 72 295392 648224 943616
55 76 300624 653008 953632
56 80 305856 658368 964224
57 84 311088 662408 973496
58 88 316320 667944 984264
59 84 321552 672712 994264
60 92 326784 677800 1004584
61 96 332016 683208 1015224
62 96 337248 688168 1025416
63 100 342480 693456 1035936
64 100 347712 699048 1046760
65 108 352944 703872 1056816
66 112 358176 709664 1067840
67 116 363408 715464 1078872
68 112 368640 720808 1089448
69 120 373872 726144 1100016
70 124 379104 732456 1111560
71 128 384336 738000 1122336
72 136 389568 743856 1133424
73 140 394800 749776 1144576
74 140 400032 756000 1156032
75 148 405264 762056 1167320
76 148 410496 768168 1178664
77 156 415728 773760 1189488
78 156 420960 780336 1201296
79 164 426192 786640 1212832
80 168 431424 792672 1224096
81 172 436656 799104 1235760
82 176 441888 805600 1247488
83 184 447120 812752 1259872
84 184 452352 819360 1271712
85 192 457584 825792 1283376
86 188 462816 832808 1295624
87 200 468048 839040 1307088
88 204 473280 846504 1319784
89 208 478512 852864 1331376
90 216 483744 860200 1343944
91 220 488976 867520 1356496
92 232 494208 874416 1368624
93 236 499440 881864 1381304
94 236 504672 889128 1393800
95 244 509904 896208 1406112
96 252 515136 903592 1418728
97 252 520368 911584 1431952
98 264 525600 918240 1443840
99 268 530832 925824 1456656
100 272 536064 933808 1469872
