1 4 15128 487056 502184
2 0 23328 488744 512072
3 4 28560 490176 518736
4 0 33792 491688 525480
5 0 39024 493008 532032
6 4 44256 494888 539144
7 4 49488 496584 546072
8 4 54720 498080 552800
9 4 59952 500160 560112
10 4 65184 502056 567240
11 4 70416 503432 573848
12 4 75648 505448 581096
13 12 80880 507848 588728
14 12 86112 509672 595784
15 8 91344 511864 603208
16 12 96576 514144 610720
17 12 101808 516480 618288
18 12 107040 519216 626256
19 12 112272 521928 634200
20 16 117504 523872 641376
21 12 122736 527040 649776
22 16 127968 529704 657672
23 20 133200 532176 665376
24 16 138432 534952 673384
25 24 143664 537808 681472
26 20 148896 540968 689864
27 24 154128 543360 697488
28 20 159360 546736 706096
29 28 164592 550088 714680
30 24 169824 552672 722496
31 28 175056 556496 731552
32 32 180288 559200 739488
33 32 185520 562896 748416
34 36 190752 565984 756736
35 36 195984 570048 766032
36 36 201216 573608 774824
37 36 206448 576632 783080
38 40 211680 580904 792584
39 40 216912 584640 801552
40 44 222144 587872 810016
41 44 227376 592328 819704
42 48 232608 595680 828288
43 52 237840 600264 838104
44 52 243072 604608 847680
45 48 248304 608208 856512
46 52 253536 612640 866176
47 60 258768 616656 875424
48 60 264000 621224 885224
49 60 269232 625344 894576
50 64 274464 630336 904800
51 68 279696 634560 914256
52 64 284928 639144 924072
53 72 290160 643784 933944
54 76 295392 648232 943624
55 76 300624 652664 953288
56 80 305856 657840 963696
57 84 311088 662408 973496
58 88 316320 667360 983680
59 92 321552 672384 993936
60 92 326784 678064 1004848
61 92 332016 683200 1015216
62 96 337248 687848 1025096
63 100 342480 693440 1035920
64 100 347712 699048 1046760
65 112 352944 704200 1057144
66 112 358176 709680 1067856
67 116 363408 715744 1079152
68 120 368640 720808 1089448
69 124 373872 726480 1100352
70 124 379104 732456 1111560
71 132 384336 738248 1122584
72 128 389568 743848 1133416
73 140 394800 750024 1144824
74 144 400032 755424 1155456
75 148 405264 761480 1166744
76 148 410496 768168 1178664
77 156 415728 774096 1189824
78 160 420960 780576 1201536
79 164 426192 786880 1213072
80 168 431424 793256 1224680
81 168 436656 799424 1236080
82 172 441888 806184 1248072
83 184 447120 812496 1259616
84 188 452352 818784 1271136
85 192 457584 825808 1283392
86 196 462816 832808 1295624
87 204 468048 839624 1307672
88 204 473280 846496 1319776
89 212 478512 852872 1331384
90 216 483744 860456 1344200
91 220 488976 867808 1356784
92 224 494208 874080 1368288
93 228 499440 881616 1381056
94 240 504672 888552 1393224
95 244 509904 895872 1405776
96 252 515136 903592 1418728
97 256 520368 911304 1431672
98 264 525600 918248 1443848
99 268 530832 926400 1457232
100 264 536064 933472 1469536
