1 0 15128 486472 501600
2 0 23328 488488 511816
3 0 28560 489928 518488
4 4 33792 491104 524896
5 0 39024 493008 532032
6 4 44256 495176 539432
7 0 49488 496336 545824
8 4 54720 498096 552816
9 8 59952 499920 559872
10 4 65184 501464 566648
11 4 70416 503424 573840
12 8 75648 505440 581088
13 8 80880 508104 588984
14 12 86112 510000 596112
15 12 91344 512456 603800
16 12 96576 514720 611296
17 8 101808 516472 618280
18 12 107040 519464 626504
19 16 112272 521928 634200
20 12 117504 524200 641704
21 16 122736 526472 649208
22 16 127968 529440 657408
23 16 133200 531832 665032
24 16 138432 534624 673056
25 20 143664 537472 681136
26 24 148896 540960 689856
27 20 154128 543696 697824
28 20 159360 546992 706352
29 24 164592 549840 714432
30 28 169824 553256 723080
31 28 175056 556488 731544
32 28 180288 559776 740064
33 32 185520 562896 748416
34 32 190752 565992 756744
35 32 195984 570056 766040
36 36 201216 573024 774240
37 40 206448 576968 783416
38 40 211680 580328 792008
39 40 216912 584640 801552
40 40 222144 587872 810016
41 48 227376 592064 819440
42 48 232608 596016 828624
43 48 237840 600264 838104
44 48 243072 604080 847152
45 52 248304 608200 856504
46 52 253536 612640 866176
47 60 258768 616648 875416
48 60 264000 621224 885224
49 60 269232 625600 894832
50 60 274464 629464 903928
51 68 279696 634304 914000
52 68 284928 639144 924072
53 72 290160 643208 933368
54 72 295392 648232 943624
55 76 300624 653256 953880
56 80 305856 658080 963936
57 84 311088 662728 973816
58 84 316320 667944 984264
59 88 321552 672968 994520
60 92 326784 677472 1004256
61 92 332016 683208 1015224
62 96 337248 687840 1025088
63 100 342480 693712 1036192
64 96 347712 698800 1046512
65 104 352944 704456 1057400
66 112 358176 709344 1067520
67 112 363408 715464 1078872
68 116 368640 721064 1089704
69 120 373872 726472 1100344
70 124 379104 732192 1111296
71 124 384336 738000 1122336
72 128 389568 744104 1133672
73 128 394800 750016 1144816
74 144 400032 755760 1155792
75 148 405264 761808 1167072
76 148 410496 768168 1178664
77 148 415728 774344 1190072
78 160 420960 780336 1201296
79 156 426192 786888 1213080
80 168 431424 792672 1224096
81 168 436656 799112 1235768
82 176 441888 805936 1247824
83 176 447120 812160 1259280
84 184 452352 818784 1271136
85 192 457584 826056 1283640
86 192 462816 832544 1295360
87 200 468048 839624 1307672
88 208 473280 846256 1319536
89 204 478512 853184 1331696
90 212 483744 860200 1343944
91 220 488976 867528 1356504
92 220 494208 874080 1368288
93 228 499440 881856 1381296
94 240 504672 888880 1393552
95 248 509904 895872 1405776
96 248 515136 903264 1418400
97 252 520368 911304 1431672
98 260 525600 918568 1444168
99 264 530832 926408 1457240
100 272 536064 933808 1469872
