1 0 15128 486480 501608
2 0 23328 488168 511496
3 0 28560 489600 518160
4 4 33792 491104 524896
5 0 39024 493544 532568
6 0 44256 494304 538560
7 4 49488 496584 546072
8 4 54720 498096 552816
9 4 59952 499576 559528
10 4 65184 501472 566656
11 8 70416 503744 574160
12 8 75648 506024 581672
13 8 80880 508104 588984
14 8 86112 510528 596640
15 12 91344 512456 603800
16 12 96576 514480 611056
17 12 101808 517064 618872
18 8 107040 519456 626496
19 8 112272 521928 634200
20 16 117504 524208 641712
21 16 122736 527048 649784
22 16 127968 529992 657960
23 16 133200 532168 665368
24 20 138432 534960 673392
25 20 143664 538056 681720
26 16 148896 540712 689608
27 24 154128 544224 698352
28 24 159360 546736 706096
29 24 164592 549504 714096
30 24 169824 553256 723080
31 28 175056 556488 731544
32 28 180288 559200 739488
33 28 185520 562896 748416
34 32 190752 566320 757072
35 32 195984 569800 765784
36 32 201216 573344 774560
37 36 206448 576960 783408
38 40 211680 580656 792336
39 40 216912 584384 801296
40 40 222144 588200 810344
41 48 227376 592328 819704
42 48 232608 595680 828288
43 48 237840 600016 837856
44 52 243072 603752 846824
45 56 248304 608200 856504
46 56 253536 612656 866192
47 56 258768 616904 875672
48 60 264000 620648 884648
49 60 269232 625344 894576
50 60 274464 629480 903944
51 64 279696 634304 914000
52 68 284928 638872 923800
53 68 290160 643528 933688
54 72 295392 648224 943616
55 76 300624 653256 953880
56 76 305856 658088 963944
57 80 311088 662736 973824
58 88 316320 667360 983680
59 88 321552 672720 994272
60 96 326784 677800 1004584
61 92 332016 682632 1014648
62 96 337248 688704 1025952
63 104 342480 693696 1036176
64 100 347712 698792 1046504
65 108 352944 703872 1056816
66 112 358176 709680 1067856
67 112 363408 715208 1078616
68 120 368640 720816 1089456
69 120 373872 726720 1100592
70 128 379104 732448 1111552
71 128 384336 738248 1122584
72 136 389568 744104 1133672
73 140 394800 749760 1144560
74 140 400032 756008 1156040
75 148 405264 762056 1167320
76 144 410496 767584 1178080
77 152 415728 774096 1189824
78 160 420960 780328 1201288
79 160 426192 786296 1212488
80 168 431424 793256 1224680
81 168 436656 799688 1236344
82 176 441888 806184 1248072
83 180 447120 812168 1259288
84 184 452352 819112 1271464
85 188 457584 825464 1283048
86 200 462816 832816 1295632
87 204 468048 839912 1307960
88 204 473280 846504 1319784
89 200 478512 853184 1331696
90 220 483744 860456 1344200
91 220 488976 867528 1356504
92 228 494208 874416 1368624
93 232 499440 881864 1381304
94 244 504672 888544 1393216
95 244 509904 896456 1406360
96 252 515136 903256 1418392
97 256 520368 911304 1431672
98 264 525600 918248 1443848
99 268 530832 926696 1457528
100 268 536064 934056 1470120
