1 0 15128 486472 501600
2 0 23328 488488 511816
3 0 28560 490184 518744
4 0 33792 491440 525232
5 4 39024 492992 532016
6 4 44256 494888 539144
7 4 49488 496320 545808
8 4 54720 498632 553352
9 4 59952 499584 559536
10 4 65184 502056 567240
11 8 70416 503752 574168
12 8 75648 506024 581672
13 8 80880 507840 588720
14 8 86112 510000 596112
15 12 91344 512456 603800
16 12 96576 514728 611304
17 12 101808 517064 618872
18 8 107040 518880 625920
19 16 112272 521344 633616
20 12 117504 524456 641960
21 16 122736 527048 649784
22 16 127968 529456 657424
23 20 133200 532160 665360
24 20 138432 534624 673056
25 20 143664 538056 681720
26 20 148896 540968 689864
27 20 154128 543688 697816
28 24 159360 546976 706336
29 24 164592 549832 714424
30 28 169824 553000 722824
31 24 175056 556480 731536
32 28 180288 559792 740080
33 32 185520 562560 748080
34 32 190752 565984 756736
35 36 195984 570056 766040
36 32 201216 573360 774576
37 40 206448 576960 783408
38 40 211680 580656 792336
39 44 216912 584648 801560
40 40 222144 588464 810608
41 48 227376 591744 819120
42 48 232608 595680 828288
43 48 237840 600016 837856
44 52 243072 604072 847144
45 48 248304 608456 856760
46 56 253536 612648 866184
47 52 258768 616640 875408
48 56 264000 620960 884960
49 64 269232 625360 894592
50 64 274464 629800 904264
51 60 279696 634856 914552
52 72 284928 638552 923480
53 72 290160 643200 933360
54 72 295392 647904 943296
55 72 300624 652672 953296
56 80 305856 657504 963360
57 84 311088 662736 973824
58 84 316320 667368 983688
59 92 321552 672392 993944
60 92 326784 678056 1004840
61 92 332016 683200 1015216
62 92 337248 687840 1025088
63 100 342480 693712 1036192
64 104 347712 698456 1046168
65 108 352944 704192 1057136
66 112 358176 709672 1067848
67 108 363408 715208 1078616
68 120 368640 721064 1089704
69 120 373872 726464 1100336
70 128 379104 732200 1111304
71 124 384336 737672 1122008
72 128 389568 743520 1133088
73 140 394800 750024 1144824
74 136 400032 756000 1156032
75 140 405264 761808 1167072
76 148 410496 768448 1178944
77 152 415728 773768 1189496
78 156 420960 780584 1201544
79 164 426192 786888 1213080
80 168 431424 793248 1224672
81 176 436656 799424 1236080
82 180 441888 805920 1247808
83 180 447120 812480 1259600
84 188 452352 819120 1271472
85 192 457584 825480 1283064
86 196 462816 832224 1295040
87 200 468048 839048 1307096
88 208 473280 845920 1319200
89 208 478512 853200 1331712
90 216 483744 859880 1343624
91 216 488976 867528 1356504
92 220 494208 874416 1368624
93 232 499440 881608 1381048
94 232 504672 889128 1393800
95 240 509904 895864 1405768
96 244 515136 903256 1418392
97 256 520368 911304 1431672
98 264 525600 918816 1444416
99 268 530832 926688 1457520
100 268 536064 933800 1469864
