1 0 15128 486808 501936
2 0 23328 488160 511488
3 0 28560 490192 518752
4 0 33792 491432 525224
5 4 39024 493248 532272
6 0 44256 495168 539424
7 4 49488 496000 545488
8 4 54720 497768 552488
9 4 59952 500168 560120
10 4 65184 502064 567248
11 4 70416 504008 574424
12 8 75648 505440 581088
13 8 80880 508096 588976
14 8 86112 509664 595776
15 12 91344 511872 603216
16 12 96576 514152 610728
17 12 101808 516488 618296
18 12 107040 519464 626504
19 8 112272 521920 634192
20 16 117504 523880 641384
21 16 122736 527048 649784
22 16 127968 529120 657088
23 20 133200 532704 665904
24 20 138432 535216 673648
25 20 143664 538056 681720
26 20 148896 540968 689864
27 24 154128 543688 697816
28 24 159360 547264 706624
29 24 164592 549512 714104
30 24 169824 553248 723072
31 28 175056 556232 731288
32 28 180288 559208 739496
33 28 185520 563144 748664
34 32 190752 566320 757072
35 28 195984 569800 765784
36 36 201216 573344 774560
37 36 206448 576960 783408
38 40 211680 580904 792584
39 40 216912 584072 800984
40 44 222144 588208 810352
41 40 227376 592080 819456
42 44 232608 595680 828288
43 48 237840 599672 837512
44 52 243072 604080 847152
45 52 248304 607872 856176
46 56 253536 612072 865608
47 60 258768 616648 875416
48 60 264000 621224 885224
49 60 269232 625608 894840
50 68 274464 629472 903936
51 68 279696 633984 913680
52 64 284928 638896 923824
53 72 290160 643776 933936
54 76 295392 648768 944160
55 80 300624 653256 953880
56 76 305856 658080 963936
57 80 311088 662736 973824
58 80 316320 667696 984016
59 92 321552 672976 994528
60 88 326784 678064 1004848
61 96 332016 682960 1014976
62 96 337248 688168 1025416
63 100 342480 693704 1036184
64 100 347712 699328 1047040
65 104 352944 704208 1057152
66 112 358176 709928 1068104
67 112 363408 715216 1078624
68 116 368640 720800 1089440
69 124 373872 726480 1100352
70 120 379104 732456 1111560
71 128 384336 737656 1121992
72 136 389568 743520 1133088
73 132 394800 749768 1144568
74 144 400032 755424 1155456
75 148 405264 761472 1166736
76 152 410496 767920 1178416
77 156 415728 773760 1189488
78 152 420960 780336 1201296
79 160 426192 786888 1213080
80 168 431424 793008 1224432
81 172 436656 799440 1236096
82 176 441888 806184 1248072
83 184 447120 812160 1259280
84 184 452352 819120 1271472
85 188 457584 826336 1283920
86 192 462816 832808 1295624
87 196 468048 839048 1307096
88 208 473280 846240 1319520
89 204 478512 853184 1331696
90 216 483744 859880 1343624
91 220 488976 867528 1356504
92 224 494208 874088 1368296
93 228 499440 882144 1381584
94 236 504672 888880 1393552
95 244 509904 895872 1405776
96 248 515136 903848 1418984
97 248 520368 910720 1431088
98 264 525600 919104 1444704
99 268 530832 926408 1457240
100 276 536064 933808 1469872
