1 0 15128 486800 501928
2 0 23328 488160 511488
3 0 28560 489600 518160
4 0 33792 491104 524896
5 4 39024 493264 532288
6 4 44256 494888 539144
7 4 49488 496584 546072
8 8 54720 498088 552808
9 4 59952 499584 559536
10 4 65184 501472 566656
11 8 70416 503744 574160
12 8 75648 505440 581088
13 8 80880 507840 588720
14 12 86112 510240 596352
15 8 91344 511872 603216
16 12 96576 514728 611304
17 12 101808 516480 618288
18 12 107040 519464 626504
19 12 112272 521352 633624
20 16 117504 524192 641696
21 16 122736 526456 649192
22 16 127968 529120 657088
23 20 133200 532432 665632
24 16 138432 535200 673632
25 20 143664 537800 681464
26 20 148896 540960 689856
27 24 154128 543696 697824
28 24 159360 546400 705760
29 28 164592 550080 714672
30 24 169824 553008 722832
31 20 175056 556240 731296
32 28 180288 559200 739488
33 32 185520 562896 748416
34 32 190752 566568 757320
35 28 195984 570336 766320
36 36 201216 573024 774240
37 40 206448 577216 783664
38 40 211680 580640 792320
39 40 216912 584648 801560
40 40 222144 588456 810600
41 44 227376 591752 819128
42 48 232608 596016 828624
43 48 237840 600016 837856
44 52 243072 604328 847400
45 56 248304 607872 856176
46 56 253536 612648 866184
47 56 258768 616648 875416
48 60 264000 620632 884632
49 60 269232 625032 894264
50 64 274464 629800 904264
51 64 279696 634568 914264
52 68 284928 638560 923488
53 76 290160 643528 933688
54 72 295392 647904 943296
55 76 300624 653256 953880
56 80 305856 657504 963360
57 84 311088 662400 973488
58 84 316320 667352 983672
59 88 321552 672704 994256
60 88 326784 677480 1004264
61 96 332016 682960 1014976
62 100 337248 688424 1025672
63 104 342480 693448 1035928
64 104 347712 698784 1046496
65 100 352944 704456 1057400
66 108 358176 709344 1067520
67 112 363408 715464 1078872
68 112 368640 721064 1089704
69 124 373872 726144 1100016
70 124 379104 732736 1111840
71 124 384336 737664 1122000
72 128 389568 744096 1133664
73 136 394800 749752 1144552
74 140 400032 756008 1156040
75 132 405264 762056 1167320
76 144 410496 767576 1178072
77 152 415728 774080 1189808
78 160 420960 780336 1201296
79 160 426192 786624 1212816
80 168 431424 793544 1224968
81 172 436656 799688 1236344
82 176 441888 805936 1247824
83 180 447120 812496 1259616
84 184 452352 819368 1271720
85 188 457584 825808 1283392
86 196 462816 832808 1295624
87 200 468048 839040 1307088
88 208 473280 845912 1319192
89 212 478512 853448 1331960
90 220 483744 860456 1344200
91 220 488976 867528 1356504
92 228 494208 874416 1368624
93 236 499440 881288 1380728
94 236 504672 889120 1393792
95 248 509904 895872 1405776
96 244 515136 903272 1418408
97 256 520368 910720 1431088
98 264 525600 918568 1444168
99 268 530832 925816 1456648
100 276 536064 933792 1469856
