1 0 15128 486800 501928
2 0 23328 488496 511824
3 0 28560 489928 518488
4 0 33792 491112 524904
5 4 39024 493008 532032
6 4 44256 494880 539136
7 4 49488 496328 545816
8 4 54720 498088 552808
9 8 59952 499912 559864
10 4 65184 501472 566656
11 8 70416 504008 574424
12 4 75648 505440 581088
13 8 80880 507848 588728
14 8 86112 509992 596104
15 8 91344 511880 603224
16 12 96576 514144 610720
17 12 101808 516800 618608
18 12 107040 519456 626496
19 12 112272 521928 634200
20 16 117504 524456 641960
21 16 122736 527048 649784
22 16 127968 529112 657080
23 16 133200 532424 665624
24 20 138432 534624 673056
25 20 143664 537472 681136
26 20 148896 540968 689864
27 24 154128 543936 698064
28 24 159360 546984 706344
29 24 164592 550088 714680
30 24 169824 552672 722496
31 28 175056 556240 731296
32 28 180288 559200 739488
33 28 185520 563144 748664
34 32 190752 566568 757320
35 32 195984 569472 765456
36 32 201216 573360 774576
37 40 206448 576648 783096
38 40 211680 580904 792584
39 40 216912 584400 801312
40 44 222144 587872 810016
41 48 227376 591744 819120
42 48 232608 596000 828608
43 48 237840 600008 837848
44 52 243072 604064 847136
45 52 248304 607872 856176
46 56 253536 612064 865600
47 60 258768 616320 875088
48 60 264000 621216 885216
49 64 269232 625352 894584
50 60 274464 630056 904520
51 64 279696 634560 914256
52 68 284928 639144 924072
53 68 290160 643536 933696
54 72 295392 648232 943624
55 76 300624 653008 953632
56 80 305856 657504 963360
57 80 311088 662984 974072
58 84 316320 667368 983688
59 92 321552 672720 994272
60 88 326784 678048 1004832
61 96 332016 683216 1015232
62 100 337248 688160 1025408
63 96 342480 693456 1035936
64 100 347712 698784 1046496
65 108 352944 704208 1057152
66 104 358176 709664 1067840
67 116 363408 714888 1078296
68 120 368640 720816 1089456
69 120 373872 726480 1100352
70 124 379104 731872 1110976
71 124 384336 738248 1122584
72 132 389568 743512 1133080
73 132 394800 750024 1144824
74 136 400032 756008 1156040
75 140 405264 761808 1167072
76 144 410496 768168 1178664
77 156 415728 774096 1189824
78 160 420960 780000 1200960
79 164 426192 786624 1212816
80 168 431424 793000 1224424
81 176 436656 799112 1235768
82 172 441888 806184 1248072
83 180 447120 812488 1259608
84 184 452352 819376 1271728
85 188 457584 825800 1283384
86 188 462816 832808 1295624
87 200 468048 839624 1307672
88 208 473280 846504 1319784
89 212 478512 853448 1331960
90 212 483744 859872 1343616
91 220 488976 867536 1356512
92 232 494208 874672 1368880
93 236 499440 881600 1381040
94 240 504672 888544 1393216
95 240 509904 895872 1405776
96 252 515136 903600 1418736
97 252 520368 911304 1431672
98 260 525600 918824 1444424
99 272 530832 925816 1456648
100 272 536064 933808 1469872
