1 0 15128 486472 501600
2 0 23328 488160 511488
3 0 28560 490184 518744
4 4 33792 491432 525224
5 0 39024 493256 532280
6 4 44256 494624 538880
7 4 49488 496864 546352
8 4 54720 497760 552480
9 8 59952 500448 560400
10 8 65184 501472 566656
11 4 70416 503744 574160
12 8 75648 505448 581096
13 8 80880 507512 588392
14 8 86112 510248 596360
15 8 91344 512208 603552
16 12 96576 514144 610720
17 12 101808 517064 618872
18 12 107040 519464 626504
19 12 112272 521936 634208
20 16 117504 524200 641704
21 16 122736 526464 649200
22 16 127968 529440 657408
23 12 133200 532176 665376
24 20 138432 534624 673056
25 20 143664 538064 681728
26 20 148896 540376 689272
27 20 154128 543680 697808
28 20 159360 546984 706344
29 24 164592 550088 714680
30 28 169824 553256 723080
31 24 175056 555904 730960
32 28 180288 559784 740072
33 32 185520 563144 748664
34 28 190752 566312 757064
35 32 195984 570048 766032
36 32 201216 573352 774568
37 32 206448 576640 783088
38 40 211680 580320 792000
39 36 216912 584064 800976
40 44 222144 588208 810352
41 44 227376 591744 819120
42 48 232608 596000 828608
43 44 237840 599680 837520
44 52 243072 604328 847400
45 52 248304 607872 856176
46 52 253536 612648 866184
47 60 258768 616640 875408
48 56 264000 621224 885224
49 64 269232 625600 894832
50 64 274464 629792 904256
51 68 279696 634568 914264
52 64 284928 638896 923824
53 72 290160 643528 933688
54 76 295392 647912 943304
55 72 300624 653256 953880
56 76 305856 657832 963688
57 80 311088 662984 974072
58 88 316320 667360 983680
59 88 321552 672968 994520
60 92 326784 678056 1004840
61 92 332016 682616 1014632
62 96 337248 688424 1025672
63 96 342480 693704 1036184
64 104 347712 699048 1046760
65 104 352944 704456 1057400
66 112 358176 709344 1067520
67 112 363408 715200 1078608
68 116 368640 720480 1089120
69 120 373872 726152 1100024
70 124 379104 732200 1111304
71 124 384336 738000 1122336
72 132 389568 744384 1133952
73 136 394800 750024 1144824
74 136 400032 756008 1156040
75 140 405264 762064 1167328
76 144 410496 768160 1178656
77 148 415728 774344 1190072
78 160 420960 780584 1201544
79 160 426192 786640 1212832
80 164 431424 793256 1224680
81 172 436656 799440 1236096
82 176 441888 805600 1247488
83 180 447120 812496 1259616
84 188 452352 819104 1271456
85 188 457584 825472 1283056
86 196 462816 832232 1295048
87 200 468048 839040 1307088
88 200 473280 846248 1319528
89 204 478512 852872 1331384
90 220 483744 860456 1344200
91 224 488976 867528 1356504
92 224 494208 874416 1368624
93 228 499440 881616 1381056
94 240 504672 888880 1393552
95 244 509904 896456 1406360
96 252 515136 903848 1418984
97 252 520368 911296 1431664
98 264 525600 918240 1443840
99 268 530832 925824 1456656
100 276 536064 934056 1470120
