1 0 15128 487056 502184
2 4 23328 488496 511824
3 4 28560 490192 518752
4 4 33792 491104 524896
5 0 39024 493256 532280
6 4 44256 494640 538896
7 4 49488 496576 546064
8 4 54720 497760 552480
9 8 59952 499912 559864
10 8 65184 502056 567240
11 8 70416 504008 574424
12 8 75648 505440 581088
13 8 80880 507520 588400
14 8 86112 510248 596360
15 8 91344 512456 603800
16 12 96576 514728 611304
17 12 101808 517072 618880
18 12 107040 518880 625920
19 16 112272 521680 633952
20 12 117504 524736 642240
21 12 122736 527048 649784
22 16 127968 529128 657096
23 16 133200 532424 665624
24 20 138432 534952 673384
25 20 143664 538056 681720
26 20 148896 540968 689864
27 24 154128 543936 698064
28 16 159360 547272 706632
29 24 164592 550088 714680
30 28 169824 552672 722496
31 28 175056 556480 731536
32 28 180288 559784 740072
33 32 185520 562896 748416
34 32 190752 566560 757312
35 32 195984 570056 766040
36 36 201216 573024 774240
37 36 206448 576648 783096
38 40 211680 580320 792000
39 44 216912 584384 801296
40 40 222144 587872 810016
41 44 227376 592328 819704
42 48 232608 595688 828296
43 52 237840 600264 838104
44 44 243072 603744 846816
45 52 248304 608200 856504
46 56 253536 612392 865928
47 52 258768 616904 875672
48 60 264000 620648 884648
49 56 269232 625024 894256
50 64 274464 629808 904272
51 60 279696 634568 914264
52 64 284928 638568 923496
53 68 290160 643784 933944
54 68 295392 648224 943616
55 72 300624 653256 953880
56 76 305856 658088 963944
57 80 311088 662736 973824
58 84 316320 667936 984256
59 88 321552 672968 994520
60 92 326784 677800 1004584
61 92 332016 683208 1015224
62 100 337248 688176 1025424
63 96 342480 693704 1036184
64 104 347712 698464 1046176
65 108 352944 704208 1057152
66 108 358176 709928 1068104
67 108 363408 715464 1078872
68 112 368640 720816 1089456
69 116 373872 726464 1100336
70 120 379104 732208 1111312
71 128 384336 738248 1122584
72 136 389568 743856 1133424
73 140 394800 750016 1144816
74 140 400032 755424 1155456
75 140 405264 761792 1167056
76 148 410496 767584 1178080
77 152 415728 774336 1190064
78 160 420960 780008 1200968
79 164 426192 786888 1213080
80 160 431424 793008 1224432
81 176 436656 799688 1236344
82 172 441888 805608 1247496
83 180 447120 812152 1259272
84 188 452352 819120 1271472
85 184 457584 825472 1283056
86 192 462816 832808 1295624
87 196 468048 839360 1307408
88 208 473280 846512 1319792
89 204 478512 853184 1331696
90 216 483744 860456 1344200
91 224 488976 866944 1355920
92 224 494208 874080 1368288
93 232 499440 881272 1380712
94 244 504672 888552 1393224
95 236 509904 896464 1406368
96 244 515136 903264 1418400
97 252 520368 911056 1431424
98 260 525600 918560 1444160
99 268 530832 926400 1457232
100 276 536064 934048 1470112
